%YAML:1.0
R: !!opencv-matrix
   rows: 3
   cols: 3
   dt: d
   data: [ 9.8887741605815827e-01, 3.7973326160201143e-03,
       -1.4868435114410472e-01, -3.9335193569342529e-03,
       9.9999207030502202e-01, -6.2189431946026380e-04,
       1.4868081058296911e-01, 1.1998300209876559e-03,
       9.8888451144322820e-01 ]
T: !!opencv-matrix
   rows: 3
   cols: 1
   dt: d
   data: [ 2.0704534645165356e+01, 2.6622123611978167e-02,
       -1.1885744642053846e+00 ]
R1: !!opencv-matrix
   rows: 3
   cols: 3
   dt: d
   data: [ 9.7872493900426949e-01, 5.0060096439795429e-03,
       -2.0511565917436264e-01, -5.1019721183271083e-03,
       9.9998698299352107e-01, 6.1024743107254052e-05,
       2.0511329467295075e-01, 9.8676793616448506e-04,
       9.7873773945702502e-01 ]
R2: !!opencv-matrix
   rows: 3
   cols: 3
   dt: d
   data: [ 9.9835548689175324e-01, 1.2836967184353090e-03,
       -5.7312074782417552e-02, -1.2570152433878747e-03,
       9.9999908415690886e-01, 5.0159547594148173e-04,
       5.7312666190016279e-02, -4.2872844397457468e-04,
       9.9835618618112099e-01 ]
P1: !!opencv-matrix
   rows: 3
   cols: 4
   dt: d
   data: [ -3.7870060353594738e+01, 0., 1.2822225751876831e+03, 0., 0.,
       -3.7870060353594738e+01, 4.4192908859252930e+02, 0., 0., 0., 1.,
       0. ]
P2: !!opencv-matrix
   rows: 3
   cols: 4
   dt: d
   data: [ -3.7870060353594738e+01, 0., 1.2822225751876831e+03,
       -7.8537353367650644e+02, 0., -3.7870060353594738e+01,
       4.4192908859252930e+02, 0., 0., 0., 1., 0. ]
Q: !!opencv-matrix
   rows: 4
   cols: 4
   dt: d
   data: [ 1., 0., 0., -1.2822225751876831e+03, 0., 1., 0.,
       -4.4192908859252930e+02, 0., 0., 0., -3.7870060353594738e+01, 0.,
       0., -4.8219170534454667e-02, 0. ]
