%YAML:1.0
M1: !!opencv-matrix
   rows: 3
   cols: 3
   dt: d
   data: [ 2.2702010540686929e+03, 0., 6.6295409794320096e+02, 0.,
       2.2702010540686929e+03, 5.0657202132190690e+02, 0., 0., 1. ]
D1: !!opencv-matrix
   rows: 1
   cols: 8
   dt: d
   data: [ 1.2445689178435999e-01, -8.1129025774349355e+00, 0., 0., 0.,
       0., 0., -8.8957903985135090e+01 ]
M2: !!opencv-matrix
   rows: 3
   cols: 3
   dt: d
   data: [ 2.2702010540686929e+03, 0., 6.6013605741797267e+02, 0.,
       2.2702010540686929e+03, 5.0674848369899956e+02, 0., 0., 1. ]
D2: !!opencv-matrix
   rows: 1
   cols: 8
   dt: d
   data: [ -2.8193473438372646e-01, 8.6257371270190824e+00, 0., 0., 0.,
       0., 0., 9.6269323602845120e+01 ]
